1878 063 231321312231231
125 443
3400 700 408
3400 068 031
125 960
1878 002 458
124 857
112 862
3400 122 101
105 876
106 884
112 889
112 901
124 874
280 933
112 929
3400 123 701
3400 122 201
310 794
3400 122 001
3400 700 343
3400 127 101
106 201
112 923
115 904
123 900
124 610
124 882
125 645
125 911
1878 004 584
3100 008 233
3400 700 342
3400 700 348
3400 700 351
3400 700 366
3400 700 373
3400 700 401
3400 700 406
3400 700 509
3400 700 522
3400 700 399
186.6 00-0 108
316 700
3.-16 7-.03
3189 600 056
3189 600 061
2100 502 021
316 685
316 701
317 315
317 325
1878 007 123
3..421 60--1 077
3234 820 830 32
80488314
280 935
290 999
1878 001 144
1878 004 582
1878 021 731
3100 008 106
3400 700 422
3400 700 445
311 194
3400 700 469
3.4-00 700 470
3000 386 001
311 009
312 640
313 566
313 568
313 571
314 711
3151 000 388
802 330